"V1","V2","V3","V4","V5","V6","V7","V8","V9","V10","V11","V12","V13","V14","V15","V16","V17","V18","V19","V20","V21","V22","V23","V24","V25","V26","V27","V28","V29","V30","V31","V32","V33","V34","V35","V36","V37","V38","V39","V40","V41","V42","V43","V44","V45","V46","V47","V48","V49","V50","V51","V52"
3.85999989509583,3.75,3.39999985694885,2.95000004768372,3.93999981880188,3.8899998664856,3.60999989509583,3.21000003814697,3.92999982833862,3.89999985694885,3.65999984741211,3.30999994277954,3.85999989509583,3.75999999046326,3.48000001907349,3.0699999332428,3.91999983787537,3.79999995231628,3.51999998092651,3.14999985694885,3.87999987602234,3.73000001907349,3.49000000953674,3.19999980926514,3.8899998664856,3.73000001907349,3.53999996185303,3.30999994277954,3.83999991416931,3.69999980926514,3.52999997138977,3.34999990463257,3.8899998664856,3.73000001907349,3.55999994277954,3.44999980926514,4.06999969482422,3.82999992370605,3.61999988555908,3.52999997138977,4.23999977111816,3.92999982833862,3.64999985694885,3.52999997138977,4.40999984741211,4.02999973297119,3.72000002861023,3.5699999332428,4.55999994277954,4.06999969482422,3.73000001907349,3.5699999332428
3.5699999332428,3.5699999332428,3.30999994277954,2.95000004768372,3.73000001907349,3.77999997138977,3.61999988555908,3.32999992370605,3.78999996185303,3.85999989509583,3.75999999046326,3.51999998092651,3.78999996185303,3.78999996185303,3.64999985694885,3.36999988555908,4,3.97000002861023,3.8199999332428,3.54999995231628,3.85999989509583,3.77999997138977,3.65999984741211,3.47000002861023,3.77999997138977,3.67999982833862,3.58999991416931,3.46000003814697,3.65999984741211,3.52999997138977,3.44999980926514,3.35999989509583,3.61999988555908,3.44999980926514,3.33999991416931,3.30999994277954,3.68999981880188,3.42999982833862,3.25999999046326,3.24000000953674,3.82999992370605,3.46000003814697,3.19999980926514,3.1399998664856,4.06999969482422,3.61999988555908,3.29999995231628,3.19999980926514,4.09999990463257,3.57999992370605,3.22000002861023,3.09999990463257
2.47000002861023,2.47000002861023,2.07999992370605,1.68999993801117,2.58999991416931,2.67999982833862,2.34999990463257,2.00999999046326,2.67999982833862,2.64999985694885,2.50999999046326,2.15999984741211,2.75999999046326,2.67999982833862,2.37999987602234,2.05999994277954,3.07999992370605,2.93999981880188,2.71000003814697,2.15999984741211,3.10999989509583,2.97000002861023,2.6399998664856,2.22000002861023,3.16999983787537,3,2.69000005722046,2.29999995231628,3.21000003814697,3.00999999046326,2.67999982833862,2.30999994277954,3.30999994277954,3.05999994277954,2.71000003814697,2.33999991416931,3.49000000953674,3.15999984741211,2.75999999046326,2.35999989509583,3.80999994277954,3.34999990463257,2.85999989509583,2.42999982833862,4.17000007629395,3.6399998664856,3.08999991416931,2.62999987602234,4.25999975204468,3.66999983787537,3.11999988555908,2.67999982833862
2.27999997138977,2.26999998092651,1.94999992847443,1.57999992370605,2.33999991416931,2.29999995231628,2.10999989509583,1.80999994277954,2.35999989509583,2.32999992370605,2.11999988555908,1.87000000476837,2.49000000953674,2.34999990463257,2.04999995231628,1.80999994277954,2.79999995231628,2.6399998664856,2.30999994277954,1.9799998998642,2.92999982833862,2.65999984741211,2.42999982833862,2.10999989509583,3,2.75999999046326,2.53999996185303,2.20000004768372,3.02999997138977,2.82999992370605,2.5699999332428,2.23000001907349,3.19999980926514,2.8899998664856,2.59999990463257,2.28999996185303,3.35999989509583,2.93999981880188,2.67999982833862,2.34999990463257,3.64999985694885,3.07999992370605,2.79999995231628,2.42999982833862,3.90999984741211,3.39999985694885,2.83999991416931,2.58999991416931,4.03999996185303,3.5,3.01999998092651,2.52999997138977
1.87999999523163,1.8199999332428,1.58999991416931,1.30999994277954,1.86000001430511,1.78999996185303,1.64999997615814,1.49000000953674,1.87000000476837,1.79999995231628,1.66999995708466,1.54999995231628,2.02999997138977,1.89999997615814,1.74000000953674,1.5699999332428,2.35999989509583,2.21000003814697,2.04999995231628,1.77999997138977,2.55999994277954,2.37999987602234,2.21000003814697,1.96999990940094,2.70000004768372,2.51999998092651,2.37999987602234,2.12999987602234,2.80999994277954,2.57999992370605,2.45000004768372,2.19000005722046,3.02999997138977,2.64999985694885,2.42999982833862,2.25,3.25,2.72000002861023,2.46000003814697,2.24000000953674,3.55999994277954,3.11999988555908,2.51999998092651,2.25,3.75999999046326,3.25999999046326,2.58999991416931,2.3199999332428,3.80999994277954,3.40999984741211,2.76999998092651,2.34999990463257
1.75,1.69999992847443,1.57999992370605,1.4099999666214,1.77999997138977,1.73000001907349,1.62999999523163,1.51999998092651,1.88999998569489,1.79999995231628,1.67999994754791,1.55999994277954,2.04999995231628,1.92999994754791,1.76999998092651,1.58999991416931,2.27999997138977,2.15999984741211,1.9799998998642,1.71999990940094,2.42999982833862,2.28999996185303,2.09999990463257,1.82999992370605,2.52999997138977,2.36999988555908,2.20000004768372,1.96999990940094,2.60999989509583,2.40999984741211,2.21000003814697,2.01999998092651,2.75,2.47000002861023,2.22000002861023,2.04999995231628,3.21000003814697,2.57999992370605,2.24000000953674,2.03999996185303,3.55999994277954,3.00999999046326,2.32999992370605,2.04999995231628,3.79999995231628,3.19999980926514,2.42999982833862,2.09999990463257,3.82999992370605,3.3199999332428,2.55999994277954,2.1800000667572
1.67999994754791,1.67999994754791,1.69999992847443,1.6599999666214,1.75999999046326,1.75,1.76999998092651,1.74000000953674,1.88999998569489,1.87999999523163,1.86000001430511,1.78999996185303,2.07999992370605,2.04999995231628,1.96999990940094,1.80999994277954,2.28999996185303,2.22000002861023,2.10999989509583,1.87999999523163,2.39999985694885,2.32999992370605,2.1800000667572,1.9099999666214,2.46000003814697,2.35999989509583,2.20000004768372,1.93999993801117,2.57999992370605,2.36999988555908,2.12999987602234,1.93999993801117,2.57999992370605,2.39999985694885,2.12999987602234,1.91999995708466,2.80999994277954,2.50999999046326,2.15999984741211,1.91999995708466,3.01999998092651,2.75,2.28999996185303,1.99000000953674,3.12999987602234,2.92999982833862,2.40999984741211,2.08999991416931,3.18999981880188,2.98000001907349,2.53999996185303,2.22000002861023
1.51999998092651,1.53999996185303,1.55999994277954,1.46999990940094,1.62000000476837,1.63999998569489,1.6599999666214,1.59999990463257,1.78999996185303,1.8199999332428,1.80999994277954,1.70999991893768,2.00999999046326,2.03999996185303,1.99000000953674,1.80999994277954,2.25,2.25999999046326,2.16999983787537,1.91999995708466,2.41999983787537,2.3899998664856,2.25,1.95999991893768,2.54999995231628,2.44000005722046,2.25,1.95999991893768,2.65999984741211,2.46000003814697,2.19000005722046,1.91999995708466,2.69000005722046,2.47000002861023,2.15999984741211,1.9099999666214,2.8199999332428,2.5699999332428,2.22000002861023,1.95999991893768,2.98000001907349,2.77999997138977,2.3899998664856,2.07999992370605,3.09999990463257,2.95000004768372,2.53999996185303,2.22000002861023,3.21000003814697,3.05999994277954,2.67999982833862,2.33999991416931
1.39999997615814,1.28999996185303,1.24000000953674,1.12999999523163,1.50999999046326,1.41999995708466,1.36000001430511,1.28999996185303,1.6599999666214,1.61000001430511,1.55999994277954,1.46999990940094,1.87000000476837,1.86000001430511,1.79999995231628,1.62000000476837,2.0699999332428,2.05999994277954,2.00999999046326,1.77999997138977,2.23000001907349,2.20000004768372,2.09999990463257,1.82999992370605,2.36999988555908,2.26999998092651,2.09999990463257,1.86000001430511,2.48000001907349,2.3199999332428,2.0699999332428,1.84999990463257,2.51999998092651,2.32999992370605,2.07999992370605,1.86000001430511,2.62999987602234,2.44000005722046,2.15999984741211,1.93999993801117,2.77999997138977,2.61999988555908,2.33999991416931,2.0699999332428,2.90999984741211,2.80999994277954,2.5,2.21000003814697,3.08999991416931,2.99000000953674,2.66999983787537,2.3199999332428
1.12999999523163,0.969999969005585,0.909999966621399,0.889999985694885,1.24000000953674,1.14999997615814,1.07999992370605,1.04999995231628,1.39999997615814,1.37000000476837,1.3199999332428,1.25999999046326,1.57999992370605,1.58999991416931,1.57999992370605,1.46999990940094,1.73000001907349,1.77999997138977,1.78999996185303,1.66999995708466,1.88999998569489,1.9099999666214,1.89999997615814,1.76999998092651,2.0699999332428,2,1.9099999666214,1.79999995231628,2.19000005722046,2.02999997138977,1.89999997615814,1.79999995231628,2.20000004768372,2.03999996185303,1.9099999666214,1.75999999046326,2.23000001907349,2.08999991416931,1.93999993801117,1.80999994277954,2.3199999332428,2.25,2.0699999332428,1.88999998569489,2.37999987602234,2.33999991416931,2.19000005722046,1.96999990940094,2.52999997138977,2.5,2.27999997138977,2.02999997138977
1.0699999332428,0.959999978542328,0.899999976158142,0.85999995470047,1.17999994754791,1.12000000476837,1.0699999332428,1.02999997138977,1.36000001430511,1.33999991416931,1.3199999332428,1.24000000953674,1.57999992370605,1.5699999332428,1.57999992370605,1.44999992847443,1.73000001907349,1.75999999046326,1.77999997138977,1.63999998569489,1.9099999666214,1.89999997615814,1.88999998569489,1.75,2.01999998092651,1.99000000953674,1.91999995708466,1.75999999046326,2.09999990463257,2.04999995231628,1.88999998569489,1.75999999046326,2.05999994277954,2.01999998092651,1.89999997615814,1.64999997615814,2.05999994277954,2.08999991416931,1.89999997615814,1.66999995708466,2.22000002861023,2.1399998664856,1.93999993801117,1.70999991893768,2.22000002861023,2.16999983787537,2.01999998092651,1.75999999046326,2.35999989509583,2.29999995231628,2.09999990463257,1.79999995231628
0.870000004768372,0.779999971389771,0.729999959468842,0.639999985694885,1.19999992847443,1.11000001430511,1.01999998092651,0.870000004768372,1.38999998569489,1.28999996185303,1.25,1.0900000333786,1.61000001430511,1.51999998092651,1.5,1.30999994277954,1.73000001907349,1.70999991893768,1.69999992847443,1.58999991416931,1.78999996185303,1.88999998569489,1.82999992370605,1.77999997138977,1.94999992847443,1.94999992847443,1.88999998569489,1.88999998569489,2.08999991416931,1.83999991416931,1.88999998569489,1.75,2.12999987602234,1.9099999666214,1.88999998569489,1.6599999666214,2.19000005722046,1.96999990940094,1.84999990463257,1.58999991416931,2.11999988555908,1.96999990940094,1.86000001430511,1.55999994277954,2.02999997138977,2.07999992370605,1.92999994754791,1.62999999523163,2.15999984741211,2.07999992370605,1.9799998998642,1.75
1.37000000476837,1.0699999332428,0.870000004768372,0.539999961853027,1.37999999523163,1.25999999046326,0.989999949932098,0.610000014305115,1.25,1.0699999332428,1,0.839999973773956,1.29999995231628,1.26999998092651,1.23000001907349,1.11000001430511,1.4099999666214,1.43999993801117,1.42999994754791,1.39999997615814,1.49000000953674,1.5699999332428,1.5699999332428,1.58999991416931,1.62999999523163,1.61000001430511,1.62000000476837,1.62999999523163,1.76999998092651,1.59999990463257,1.62000000476837,1.53999996185303,1.83999991416931,1.6599999666214,1.64999997615814,1.52999997138977,1.89999997615814,1.75999999046326,1.69999992847443,1.49000000953674,1.83999991416931,1.82999992370605,1.75999999046326,1.51999998092651,1.76999998092651,1.91999995708466,1.87000000476837,1.63999998569489,1.99000000953674,2.10999989509583,1.95999991893768,1.77999997138977
1.12000000476837,0.969999969005585,0.85999995470047,0.519999980926514,1.22000002861023,1.20999991893768,0.909999966621399,0.639999985694885,1.36000001430511,1.02999997138977,0.959999978542328,0.839999973773956,1.23000001907349,1.12000000476837,1.14999997615814,1.07999992370605,1.29999995231628,1.27999997138977,1.3199999332428,1.30999994277954,1.32999992370605,1.41999995708466,1.45999991893768,1.48000001907349,1.5,1.51999998092651,1.54999995231628,1.51999998092651,1.63999998569489,1.57999992370605,1.58999991416931,1.49000000953674,1.71999990940094,1.6599999666214,1.6599999666214,1.50999999046326,1.77999997138977,1.76999998092651,1.74000000953674,1.53999996185303,1.75,1.84999990463257,1.83999991416931,1.61000001430511,1.75,1.94999992847443,1.96999990940094,1.75999999046326,1.91999995708466,2.10999989509583,2.07999992370605,1.92999994754791
1.28999996185303,1.01999998092651,0.779999971389771,0.399999976158142,1.46999990940094,1.1599999666214,0.75,0.519999980926514,1.49000000953674,1.13999998569489,0.819999992847443,0.709999978542328,1.39999997615814,1.02999997138977,0.989999949932098,0.939999997615814,1.39999997615814,1.17999994754791,1.16999995708466,1.1599999666214,1.32999992370605,1.3199999332428,1.32999992370605,1.3199999332428,1.52999997138977,1.48000001907349,1.44999992847443,1.41999995708466,1.67999994754791,1.57999992370605,1.53999996185303,1.46999990940094,1.73000001907349,1.6599999666214,1.64999997615814,1.52999997138977,1.74000000953674,1.73000001907349,1.70999991893768,1.58999991416931,1.67999994754791,1.75999999046326,1.77999997138977,1.62999999523163,1.78999996185303,1.80999994277954,1.84999990463257,1.71999990940094,1.91999995708466,2,2.1800000667572,1.82999992370605
0.930000007152557,0.879999995231628,0.839999973773956,0.709999978542328,1.11000001430511,1.00999999046326,0.889999985694885,0.789999961853027,1.18999993801117,1.05999994277954,0.979999959468842,0.930000007152557,1.20999991893768,1.10000002384186,1.13999998569489,1.0900000333786,1.25999999046326,1.25999999046326,1.30999994277954,1.25,1.32999992370605,1.39999997615814,1.43999993801117,1.35000002384186,1.49000000953674,1.53999996185303,1.50999999046326,1.4099999666214,1.66999995708466,1.66999995708466,1.61000001430511,1.44999992847443,1.77999997138977,1.79999995231628,1.74000000953674,1.55999994277954,1.83999991416931,1.89999997615814,1.84999990463257,1.6599999666214,1.84999990463257,1.9799998998642,1.94999992847443,1.74000000953674,2.1800000667572,2.05999994277954,2.04999995231628,1.8199999332428,2.37999987602234,2.3899998664856,2.25999999046326,1.95999991893768
0.870000004768372,0.839999973773956,0.849999964237213,0.810000002384186,1,0.969999969005585,0.930000007152557,0.909999966621399,1.10000002384186,1.0699999332428,1.04999995231628,1.03999996185303,1.16999995708466,1.17999994754791,1.22000002861023,1.16999995708466,1.26999998092651,1.32999992370605,1.37999999523163,1.28999996185303,1.37000000476837,1.45999991893768,1.49000000953674,1.36000001430511,1.53999996185303,1.58999991416931,1.53999996185303,1.37999999523163,1.73000001907349,1.71999990940094,1.59999990463257,1.39999997615814,1.84999990463257,1.86000001430511,1.70999991893768,1.46999990940094,1.9099999666214,1.95999991893768,1.8199999332428,1.55999994277954,1.94999992847443,2.00999999046326,1.91999995708466,1.6599999666214,2.07999992370605,2.07999992370605,1.9799998998642,1.73000001907349,2.15999984741211,2.15999984741211,2.05999994277954,1.80999994277954
0.939999997615814,0.849999964237213,0.789999961853027,0.719999969005585,1.00999999046326,0.949999988079071,0.870000004768372,0.810000002384186,1.0900000333786,1.05999994277954,1.00999999046326,0.949999988079071,1.16999995708466,1.18999993801117,1.17999994754791,1.10000002384186,1.27999997138977,1.32999992370605,1.35000002384186,1.24000000953674,1.37999999523163,1.45999991893768,1.46999990940094,1.33999991416931,1.53999996185303,1.59999990463257,1.54999995231628,1.39999997615814,1.73000001907349,1.74000000953674,1.63999998569489,1.45999991893768,1.84999990463257,1.87999999523163,1.75,1.52999997138977,1.89999997615814,1.95999991893768,1.83999991416931,1.59999990463257,1.93999993801117,1.9799998998642,1.87999999523163,1.6599999666214,1.9799998998642,1.99000000953674,1.87999999523163,1.67999994754791,2.04999995231628,2.01999998092651,1.9099999666214,1.71999990940094
0.949999988079071,0.849999964237213,0.810000002384186,0.810000002384186,1.05999994277954,0.979999959468842,0.889999985694885,0.829999983310699,1.17999994754791,1.11000001430511,1.01999998092651,0.909999966621399,1.26999998092651,1.25999999046326,1.18999993801117,1.03999996185303,1.36000001430511,1.39999997615814,1.33999991416931,1.18999993801117,1.43999993801117,1.48000001907349,1.45999991893768,1.32999992370605,1.55999994277954,1.58999991416931,1.53999996185303,1.41999995708466,1.71999990940094,1.74000000953674,1.63999998569489,1.49000000953674,1.82999992370605,1.87000000476837,1.74000000953674,1.55999994277954,1.89999997615814,1.93999993801117,1.82999992370605,1.62999999523163,1.93999993801117,1.94999992847443,1.86000001430511,1.67999994754791,1.99000000953674,1.96999990940094,1.86000001430511,1.69999992847443,2.03999996185303,2.00999999046326,1.89999997615814,1.73000001907349
1.10000002384186,1.03999996185303,1,0.959999978542328,1.22000002861023,1.17999994754791,1.10000002384186,0.979999959468842,1.3199999332428,1.30999994277954,1.20999991893768,1.02999997138977,1.37999999523163,1.4099999666214,1.3199999332428,1.12000000476837,1.42999994754791,1.48000001907349,1.4099999666214,1.23000001907349,1.48000001907349,1.51999998092651,1.46999990940094,1.32999992370605,1.57999992370605,1.58999991416931,1.51999998092651,1.39999997615814,1.74000000953674,1.69999992847443,1.58999991416931,1.45999991893768,1.86000001430511,1.8199999332428,1.68999993801117,1.51999998092651,1.92999994754791,1.9099999666214,1.79999995231628,1.59999990463257,1.96999990940094,1.95999991893768,1.87000000476837,1.67999994754791,1.99000000953674,1.99000000953674,1.89999997615814,1.73000001907349,2.03999996185303,2.02999997138977,1.93999993801117,1.77999997138977
1.16999995708466,1.03999996185303,0.959999978542328,0.899999976158142,1.27999997138977,1.18999993801117,1.0900000333786,0.959999978542328,1.36000001430511,1.3199999332428,1.22000002861023,1.02999997138977,1.39999997615814,1.4099999666214,1.33999991416931,1.12999999523163,1.41999995708466,1.48000001907349,1.41999995708466,1.22000002861023,1.44999992847443,1.50999999046326,1.45999991893768,1.29999995231628,1.53999996185303,1.55999994277954,1.5,1.35000002384186,1.67999994754791,1.62999999523163,1.54999995231628,1.38999998569489,1.8199999332428,1.73000001907349,1.61000001430511,1.41999995708466,1.88999998569489,1.82999992370605,1.68999993801117,1.48000001907349,1.93999993801117,1.92999994754791,1.86000001430511,1.57999992370605,2.00999999046326,1.99000000953674,1.9099999666214,1.71999990940094,2.0699999332428,2.04999995231628,1.96999990940094,1.78999996185303
1.02999997138977,0.919999957084656,0.870000004768372,0.829999983310699,1.12999999523163,1.05999994277954,0.989999949932098,0.899999976158142,1.25,1.19999992847443,1.12999999523163,0.979999959468842,1.28999996185303,1.30999994277954,1.25,1.05999994277954,1.30999994277954,1.36000001430511,1.3199999332428,1.13999998569489,1.3199999332428,1.37000000476837,1.33999991416931,1.17999994754791,1.38999998569489,1.39999997615814,1.33999991416931,1.20999991893768,1.52999997138977,1.45999991893768,1.41999995708466,1.23000001907349,1.66999995708466,1.61000001430511,1.49000000953674,1.29999995231628,1.75999999046326,1.73000001907349,1.62999999523163,1.37999999523163,1.92999994754791,1.86000001430511,1.77999997138977,1.51999998092651,2.09999990463257,2.05999994277954,1.9099999666214,1.66999995708466,2.32999992370605,2.21000003814697,1.95999991893768,1.77999997138977
1.02999997138977,0.879999995231628,0.829999983310699,0.779999971389771,1.0900000333786,1,0.939999997615814,0.85999995470047,1.19999992847443,1.11000001430511,1.05999994277954,0.919999957084656,1.25999999046326,1.24000000953674,1.19999992847443,1.00999999046326,1.26999998092651,1.3199999332428,1.29999995231628,1.0900000333786,1.28999996185303,1.3199999332428,1.30999994277954,1.13999998569489,1.36000001430511,1.36000001430511,1.3199999332428,1.16999995708466,1.48000001907349,1.4099999666214,1.35000002384186,1.16999995708466,1.61000001430511,1.54999995231628,1.4099999666214,1.22000002861023,1.87999999523163,1.67999994754791,1.54999995231628,1.27999997138977,2.07999992370605,1.93999993801117,1.5699999332428,1.50999999046326,2.45000004768372,2.36999988555908,2.26999998092651,1.54999995231628,2.87999987602234,2.73000001907349,2.54999995231628,2.37999987602234
0.870000004768372,0.759999990463257,0.729999959468842,0.709999978542328,0.979999959468842,0.849999964237213,0.819999992847443,0.769999980926514,1.0900000333786,0.989999949932098,0.939999997615814,0.819999992847443,1.17999994754791,1.12999999523163,1.0699999332428,0.889999985694885,1.27999997138977,1.23000001907349,1.18999993801117,0.989999949932098,1.4099999666214,1.28999996185303,1.25999999046326,1.07999992370605,1.55999994277954,1.36000001430511,1.29999995231628,1.13999998569489,1.63999998569489,1.69999992847443,1.33999991416931,1.13999998569489,1.74000000953674,1.70999991893768,1.4099999666214,1.18999993801117,1.82999992370605,1.70999991893768,1.54999995231628,1.25,1.93999993801117,1.77999997138977,1.55999994277954,1.1599999666214,2.19000005722046,2.03999996185303,1.89999997615814,1.5699999332428,2.50999999046326,2.29999995231628,2.21000003814697,2.08999991416931
1.02999997138977,0.769999980926514,0.729999959468842,0.659999966621399,1.03999996185303,0.909999966621399,0.829999983310699,0.709999978542328,1.14999997615814,1.02999997138977,0.919999957084656,0.75,1.25,1.13999998569489,1.03999996185303,0.819999992847443,1.32999992370605,1.24000000953674,1.1599999666214,0.919999957084656,1.41999995708466,1.3199999332428,1.25,1.03999996185303,1.46999990940094,1.41999995708466,1.30999994277954,1.12999999523163,1.5699999332428,1.6599999666214,1.39999997615814,1.17999994754791,1.50999999046326,1.5,1.43999993801117,1.23000001907349,1.38999998569489,1.4099999666214,1.35000002384186,1.24000000953674,1.30999994277954,1.25999999046326,1.23000001907349,1.29999995231628,1.36000001430511,1.30999994277954,1.32999992370605,1.23000001907349,1.53999996185303,1.41999995708466,1.50999999046326,1.59999990463257
1.57999992370605,1.26999998092651,1.00999999046326,0.810000002384186,1.64999997615814,1.37000000476837,1.0699999332428,0.839999973773956,1.79999995231628,1.50999999046326,1.16999995708466,0.870000004768372,1.92999994754791,1.62000000476837,1.23000001907349,0.889999985694885,1.96999990940094,1.67999994754791,1.28999996185303,0.949999988079071,1.99000000953674,1.73000001907349,1.33999991416931,0.939999997615814,1.92999994754791,1.66999995708466,1.29999995231628,1.00999999046326,1.99000000953674,1.8199999332428,1.4099999666214,1.10000002384186,1.82999992370605,1.73000001907349,1.42999994754791,1.11000001430511,1.58999991416931,1.43999993801117,1.23000001907349,1.00999999046326,1.4099999666214,1.22000002861023,1.0900000333786,1.03999996185303,1.38999998569489,1.19999992847443,1.07999992370605,1.07999992370605,1.46999990940094,1.26999998092651,1.23000001907349,1.26999998092651
1.20999991893768,0.870000004768372,0.649999976158142,0.529999971389771,1.19999992847443,0.909999966621399,0.719999969005585,0.610000014305115,1.36000001430511,1.04999995231628,0.849999964237213,0.709999978542328,1.5,1.18999993801117,0.969999969005585,0.810000002384186,1.58999991416931,1.3199999332428,1.0900000333786,0.909999966621399,1.67999994754791,1.38999998569489,1.16999995708466,0.979999959468842,1.88999998569489,1.64999997615814,1.41999995708466,1.03999996185303,2.11999988555908,1.80999994277954,1.55999994277954,1.35000002384186,2.19000005722046,2.05999994277954,1.76999998092651,1.39999997615814,2.05999994277954,1.87999999523163,1.73000001907349,1.25999999046326,1.9799998998642,1.78999996185303,1.59999990463257,1.45999991893768,1.99000000953674,1.78999996185303,1.59999990463257,1.43999993801117,2.00999999046326,1.79999995231628,1.6599999666214,1.51999998092651
1.07999992370605,0.789999961853027,0.610000014305115,0.529999971389771,1.07999992370605,0.819999992847443,0.669999957084656,0.579999983310699,1.17999994754791,0.919999957084656,0.779999971389771,0.680000007152557,1.26999998092651,1.02999997138977,0.889999985694885,0.789999961853027,1.35000002384186,1.12999999523163,1.00999999046326,0.889999985694885,1.43999993801117,1.17999994754791,1.0699999332428,0.949999988079071,1.62000000476837,1.33999991416931,1.18999993801117,1,1.78999996185303,1.48000001907349,1.29999995231628,1.12999999523163,1.79999995231628,1.51999998092651,1.37999999523163,1.12999999523163,1.61000001430511,1.45999991893768,1.17999994754791,1.02999997138977,1.61000001430511,1.36000001430511,1.14999997615814,0.989999949932098,1.78999996185303,1.51999998092651,1.27999997138977,1.10000002384186,1.87999999523163,1.61000001430511,1.44999992847443,1.26999998092651
0.949999988079071,0.849999964237213,0.699999988079071,0.599999964237213,0.989999949932098,0.899999976158142,0.729999959468842,0.620000004768372,1.0699999332428,0.979999959468842,0.819999992847443,0.699999988079071,1.13999998569489,1.04999995231628,0.930000007152557,0.810000002384186,1.19999992847443,1.11000001430511,1.01999998092651,0.919999957084656,1.27999997138977,1.1599999666214,1.05999994277954,0.989999949932098,1.39999997615814,1.27999997138977,1.16999995708466,1.02999997138977,1.58999991416931,1.42999994754791,1.28999996185303,1.11000001430511,1.62999999523163,1.50999999046326,1.37999999523163,1.1599999666214,1.53999996185303,1.48000001907349,1.32999992370605,1.12999999523163,1.53999996185303,1.44999992847443,1.29999995231628,1.12999999523163,1.62999999523163,1.51999998092651,1.37000000476837,1.1599999666214,1.66999995708466,1.53999996185303,1.4099999666214,1.22000002861023
0.909999966621399,0.879999995231628,0.769999980926514,0.669999957084656,1,0.989999949932098,0.839999973773956,0.729999959468842,1.12000000476837,1.11000001430511,0.949999988079071,0.799999952316284,1.20999991893768,1.18999993801117,1.05999994277954,0.899999976158142,1.27999997138977,1.24000000953674,1.11000001430511,1.00999999046326,1.35000002384186,1.25999999046326,1.12000000476837,1.01999998092651,1.45999991893768,1.32999992370605,1.17999994754791,1.0699999332428,1.59999990463257,1.44999992847443,1.26999998092651,1.1599999666214,1.63999998569489,1.51999998092651,1.37999999523163,1.22000002861023,1.57999992370605,1.52999997138977,1.4099999666214,1.23000001907349,1.55999994277954,1.53999996185303,1.41999995708466,1.24000000953674,1.58999991416931,1.58999991416931,1.46999990940094,1.25999999046326,1.5699999332428,1.55999994277954,1.45999991893768,1.27999997138977
0.939999997615814,0.969999969005585,0.899999976158142,0.799999952316284,1.03999996185303,1.0900000333786,1,0.870000004768372,1.1599999666214,1.19999992847443,1.10000002384186,0.949999988079071,1.25999999046326,1.27999997138977,1.17999994754791,1.03999996185303,1.33999991416931,1.30999994277954,1.24000000953674,1.12999999523163,1.41999995708466,1.32999992370605,1.25999999046326,1.17999994754791,1.5,1.4099999666214,1.29999995231628,1.20999991893768,1.62000000476837,1.49000000953674,1.36000001430511,1.25999999046326,1.64999997615814,1.52999997138977,1.41999995708466,1.27999997138977,1.58999991416931,1.51999998092651,1.42999994754791,1.30999994277954,1.5699999332428,1.52999997138977,1.43999993801117,1.32999992370605,1.62000000476837,1.62999999523163,1.52999997138977,1.37999999523163,1.62999999523163,1.64999997615814,1.5699999332428,1.4099999666214
0.959999978542328,0.969999969005585,0.879999995231628,0.769999980926514,1.03999996185303,1.07999992370605,0.959999978542328,0.819999992847443,1.14999997615814,1.20999991893768,1.0699999332428,0.889999985694885,1.25999999046326,1.3199999332428,1.1599999666214,0.959999978542328,1.43999993801117,1.37000000476837,1.23000001907349,1.07999992370605,1.50999999046326,1.38999998569489,1.25999999046326,1.1599999666214,1.55999994277954,1.42999994754791,1.29999995231628,1.22000002861023,1.62000000476837,1.46999990940094,1.32999992370605,1.20999991893768,1.62999999523163,1.46999990940094,1.37000000476837,1.22000002861023,1.5699999332428,1.46999990940094,1.39999997615814,1.25,1.54999995231628,1.5,1.4099999666214,1.29999995231628,1.58999991416931,1.55999994277954,1.48000001907349,1.36000001430511,1.62000000476837,1.62000000476837,1.54999995231628,1.43999993801117
0.889999985694885,0.879999995231628,0.810000002384186,0.719999969005585,0.949999988079071,1,0.889999985694885,0.769999980926514,1.04999995231628,1.12000000476837,0.989999949932098,0.839999973773956,1.19999992847443,1.23000001907349,1.0900000333786,0.909999966621399,1.36000001430511,1.33999991416931,1.18999993801117,1.03999996185303,1.45999991893768,1.38999998569489,1.26999998092651,1.1599999666214,1.5699999332428,1.5,1.37999999523163,1.26999998092651,1.66999995708466,1.57999992370605,1.46999990940094,1.33999991416931,1.70999991893768,1.62999999523163,1.54999995231628,1.41999995708466,1.69999992847443,1.67999994754791,1.62000000476837,1.46999990940094,1.70999991893768,1.69999992847443,1.63999998569489,1.50999999046326,1.71999990940094,1.73000001907349,1.66999995708466,1.54999995231628,1.71999990940094,1.73000001907349,1.68999993801117,1.5699999332428
0.919999957084656,0.829999983310699,0.709999978542328,0.589999973773956,0.989999949932098,0.959999978542328,0.689999997615814,0.550000011920929,1.07999992370605,1.04999995231628,0.75,0.589999973773956,1.3199999332428,1.0900000333786,0.75,0.599999964237213,1.42999994754791,1.10000002384186,0.85999995470047,0.709999978542328,1.42999994754791,1.13999998569489,0.939999997615814,0.85999995470047,1.45999991893768,1.18999993801117,1.04999995231628,1,1.51999998092651,1.30999994277954,1.18999993801117,1.12999999523163,1.5699999332428,1.41999995708466,1.33999991416931,1.27999997138977,1.58999991416931,1.51999998092651,1.49000000953674,1.39999997615814,1.62999999523163,1.59999990463257,1.5699999332428,1.48000001907349,1.67999994754791,1.66999995708466,1.6599999666214,1.54999995231628,1.69999992847443,1.71999990940094,1.69999992847443,1.61000001430511
0.939999997615814,0.789999961853027,0.629999995231628,0.550000011920929,0.930000007152557,0.839999973773956,0.569999992847443,0.479999989271164,1.01999998092651,0.899999976158142,0.579999983310699,0.469999998807907,1.20999991893768,0.959999978542328,0.649999976158142,0.509999990463257,1.30999994277954,0.969999969005585,0.799999952316284,0.680000007152557,1.35000002384186,1.03999996185303,0.899999976158142,0.870000004768372,1.4099999666214,1.13999998569489,1.01999998092651,1.01999998092651,1.43999993801117,1.25,1.1599999666214,1.14999997615814,1.41999995708466,1.36000001430511,1.3199999332428,1.29999995231628,1.37999999523163,1.4099999666214,1.45999991893768,1.39999997615814,1.38999998569489,1.49000000953674,1.54999995231628,1.46999990940094,1.41999995708466,1.54999995231628,1.62999999523163,1.54999995231628,1.45999991893768,1.61000001430511,1.68999993801117,1.62999999523163
1.17999994754791,1.17999994754791,1.07999992370605,0.930000007152557,1.23000001907349,1.20999991893768,1.07999992370605,0.939999997615814,1.29999995231628,1.27999997138977,1.0900000333786,0.979999959468842,1.41999995708466,1.30999994277954,1.12999999523163,1.01999998092651,1.48000001907349,1.29999995231628,1.19999992847443,1.13999998569489,1.52999997138977,1.3199999332428,1.25999999046326,1.25999999046326,1.5699999332428,1.37000000476837,1.3199999332428,1.33999991416931,1.61000001430511,1.48000001907349,1.38999998569489,1.41999995708466,1.71999990940094,1.62000000476837,1.50999999046326,1.48000001907349,1.75,1.70999991893768,1.62999999523163,1.50999999046326,1.76999998092651,1.75,1.64999997615814,1.51999998092651,1.73000001907349,1.75999999046326,1.69999992847443,1.58999991416931,1.73000001907349,1.78999996185303,1.75,1.64999997615814
1.26999998092651,1.23000001907349,1.11000001430511,0.889999985694885,1.36000001430511,1.29999995231628,1.13999998569489,0.939999997615814,1.42999994754791,1.36000001430511,1.18999993801117,1.00999999046326,1.50999999046326,1.39999997615814,1.23000001907349,1.0699999332428,1.54999995231628,1.4099999666214,1.28999996185303,1.17999994754791,1.59999990463257,1.44999992847443,1.35000002384186,1.28999996185303,1.69999992847443,1.52999997138977,1.41999995708466,1.37000000476837,1.78999996185303,1.63999998569489,1.5,1.42999994754791,1.88999998569489,1.76999998092651,1.59999990463257,1.48000001907349,1.92999994754791,1.84999990463257,1.67999994754791,1.5,1.93999993801117,1.87000000476837,1.70999991893768,1.51999998092651,1.89999997615814,1.87000000476837,1.75,1.57999992370605,1.88999998569489,1.88999998569489,1.79999995231628,1.64999997615814
1.19999992847443,1.12999999523163,0.939999997615814,0.680000007152557,1.24000000953674,1.14999997615814,0.939999997615814,0.709999978542328,1.28999996185303,1.16999995708466,0.989999949932098,0.779999971389771,1.33999991416931,1.22000002861023,1.05999994277954,0.879999995231628,1.39999997615814,1.27999997138977,1.13999998569489,1.00999999046326,1.5,1.36000001430511,1.24000000953674,1.14999997615814,1.64999997615814,1.49000000953674,1.32999992370605,1.25,1.77999997138977,1.62000000476837,1.42999994754791,1.3199999332428,1.88999998569489,1.74000000953674,1.52999997138977,1.37000000476837,1.93999993801117,1.8199999332428,1.62000000476837,1.41999995708466,1.93999993801117,1.84999990463257,1.66999995708466,1.45999991893768,1.91999995708466,1.86000001430511,1.73000001907349,1.52999997138977,1.9099999666214,1.88999998569489,1.78999996185303,1.62000000476837
1.14999997615814,1.00999999046326,0.810000002384186,0.569999992847443,1.17999994754791,1.04999995231628,0.819999992847443,0.579999983310699,1.22000002861023,1.07999992370605,0.879999995231628,0.669999957084656,1.26999998092651,1.13999998569489,0.969999969005585,0.779999971389771,1.33999991416931,1.22000002861023,1.0699999332428,0.930000007152557,1.45999991893768,1.3199999332428,1.17999994754791,1.0699999332428,1.62000000476837,1.45999991893768,1.28999996185303,1.18999993801117,1.77999997138977,1.59999990463257,1.39999997615814,1.25999999046326,1.87999999523163,1.71999990940094,1.50999999046326,1.3199999332428,1.91999995708466,1.79999995231628,1.59999990463257,1.37000000476837,1.91999995708466,1.82999992370605,1.6599999666214,1.4099999666214,1.9099999666214,1.83999991416931,1.69999992847443,1.49000000953674,1.88999998569489,1.87000000476837,1.75999999046326,1.58999991416931
1.44999992847443,1.37999999523163,1.3199999332428,1.17999994754791,1.54999995231628,1.51999998092651,1.45999991893768,1.35000002384186,1.64999997615814,1.62999999523163,1.58999991416931,1.5,1.80999994277954,1.77999997138977,1.73000001907349,1.64999997615814,1.77999997138977,1.76999998092651,1.75999999046326,1.71999990940094,1.87999999523163,1.84999990463257,1.8199999332428,1.77999997138977,2.02999997138977,1.94999992847443,1.87000000476837,1.79999995231628,2.00999999046326,1.87000000476837,1.71999990940094,1.62000000476837,1.9799998998642,1.82999992370605,1.64999997615814,1.51999998092651,1.86000001430511,1.70999991893768,1.51999998092651,1.37000000476837,1.76999998092651,1.61000001430511,1.4099999666214,1.23000001907349,1.70999991893768,1.54999995231628,1.36000001430511,1.18999993801117,1.66999995708466,1.50999999046326,1.3199999332428,1.1599999666214
1.73000001907349,1.61000001430511,1.41999995708466,1.17999994754791,1.63999998569489,1.5699999332428,1.4099999666214,1.22000002861023,1.63999998569489,1.55999994277954,1.45999991893768,1.32999992370605,1.73000001907349,1.57999992370605,1.43999993801117,1.27999997138977,1.69999992847443,1.54999995231628,1.39999997615814,1.25,1.84999990463257,1.62999999523163,1.4099999666214,1.23000001907349,2.04999995231628,1.75,1.4099999666214,1.16999995708466,2.02999997138977,1.66999995708466,1.23000001907349,1.00999999046326,1.99000000953674,1.57999992370605,1.12000000476837,0.879999995231628,1.87000000476837,1.43999993801117,0.989999949932098,0.689999997615814,1.94999992847443,1.48000001907349,0.979999959468842,0.639999985694885,1.94999992847443,1.43999993801117,0.969999969005585,0.669999957084656,2.02999997138977,1.44999992847443,0.959999978542328,0.709999978542328
1.00999999046326,0.85999995470047,0.659999966621399,0.449999988079071,1.02999997138977,0.889999985694885,0.729999959468842,0.550000011920929,1.11000001430511,0.979999959468842,0.819999992847443,0.689999997615814,1.25999999046326,1.05999994277954,0.799999952316284,0.639999985694885,1.46999990940094,1.01999998092651,0.989999949932098,0.719999969005585,1.73000001907349,1.52999997138977,1.26999998092651,0.889999985694885,2.05999994277954,1.52999997138977,1.12000000476837,0.85999995470047,2.1800000667572,1.59999990463257,1.10000002384186,0.75,2.25,1.64999997615814,1.04999995231628,0.639999985694885,2.25,1.53999996185303,0.989999949932098,0.489999979734421,2.27999997138977,1.5699999332428,0.969999969005585,0.449999988079071,2.23000001907349,1.51999998092651,1,0.589999973773956,2.26999998092651,1.62000000476837,1.13999998569489,0.789999961853027
1.03999996185303,0.919999957084656,0.689999997615814,0.469999998807907,1.0699999332428,0.959999978542328,0.759999990463257,0.569999992847443,1.12999999523163,1.00999999046326,0.839999973773956,0.669999957084656,1.22000002861023,1.03999996185303,0.839999973773956,0.669999957084656,1.36000001430511,1.07999992370605,0.939999997615814,0.699999988079071,1.58999991416931,1.36000001430511,1.13999998569489,0.909999966621399,1.73000001907349,1.45999991893768,1.13999998569489,0.930000007152557,2.03999996185303,1.44999992847443,1.11000001430511,0.870000004768372,2.07999992370605,1.53999996185303,1.0699999332428,0.849999964237213,1.87000000476837,1.37000000476837,0.989999949932098,0.689999997615814,1.78999996185303,1.26999998092651,0.959999978542328,0.620000004768372,1.71999990940094,1.20999991893768,0.979999959468842,0.699999988079071,1.75,1.26999998092651,0.829999983310699,0.870000004768372
1.03999996185303,0.989999949932098,0.829999983310699,0.589999973773956,1.0900000333786,1.02999997138977,0.889999985694885,0.680000007152557,1.11000001430511,1.04999995231628,0.939999997615814,0.769999980926514,1.13999998569489,1.04999995231628,0.930000007152557,0.769999980926514,1.19999992847443,1.0900000333786,0.969999969005585,0.779999971389771,1.33999991416931,1.24000000953674,1.10000002384186,0.909999966621399,1.42999994754791,1.30999994277954,1.11000001430511,0.969999969005585,1.58999991416931,1.33999991416931,1.11000001430511,1,1.6599999666214,1.4099999666214,1.1599999666214,1,1.61000001430511,1.38999998569489,1.22000002861023,1.00999999046326,1.59999990463257,1.4099999666214,1.3199999332428,1.0900000333786,1.57999992370605,1.42999994754791,1.39999997615814,1.30999994277954,1.54999995231628,1.41999995708466,1.37000000476837,1.42999994754791
1.03999996185303,1,0.849999964237213,0.569999992847443,1.0900000333786,1.05999994277954,0.919999957084656,0.639999985694885,1.12000000476837,1.0900000333786,0.969999969005585,0.719999969005585,1.13999998569489,1.10000002384186,0.979999959468842,0.759999990463257,1.18999993801117,1.12999999523163,1.00999999046326,0.819999992847443,1.27999997138977,1.19999992847443,1.10000002384186,0.930000007152557,1.35000002384186,1.25,1.13999998569489,1.01999998092651,1.44999992847443,1.32999992370605,1.18999993801117,1.10000002384186,1.54999995231628,1.42999994754791,1.28999996185303,1.16999995708466,1.57999992370605,1.5,1.39999997615814,1.24000000953674,1.62000000476837,1.55999994277954,1.5,1.33999991416931,1.58999991416931,1.5699999332428,1.55999994277954,1.48000001907349,1.52999997138977,1.52999997138977,1.53999996185303,1.54999995231628
1.00999999046326,0.969999969005585,0.839999973773956,0.550000011920929,1.07999992370605,1.03999996185303,0.899999976158142,0.620000004768372,1.11000001430511,1.0900000333786,0.969999969005585,0.709999978542328,1.14999997615814,1.12999999523163,1.01999998092651,0.769999980926514,1.20999991893768,1.16999995708466,1.0699999332428,0.849999964237213,1.27999997138977,1.22000002861023,1.12999999523163,0.959999978542328,1.3199999332428,1.24000000953674,1.14999997615814,1.01999998092651,1.36000001430511,1.27999997138977,1.16999995708466,1.0699999332428,1.4099999666214,1.33999991416931,1.24000000953674,1.11000001430511,1.44999992847443,1.39999997615814,1.32999992370605,1.17999994754791,1.49000000953674,1.46999990940094,1.4099999666214,1.25999999046326,1.48000001907349,1.48000001907349,1.45999991893768,1.36000001430511,1.45999991893768,1.48000001907349,1.48000001907349,1.43999993801117
1.10000002384186,1.05999994277954,0.919999957084656,0.589999973773956,1.12999999523163,1.07999992370605,0.909999966621399,0.599999964237213,1.12000000476837,1.04999995231628,0.899999976158142,0.639999985694885,1.10000002384186,1.02999997138977,0.899999976158142,0.680000007152557,1.11000001430511,1.01999998092651,0.949999988079071,0.740000009536743,1.17999994754791,1.03999996185303,1.00999999046326,0.849999964237213,1.20999991893768,1.10000002384186,1.03999996185303,0.930000007152557,1.25999999046326,1.23000001907349,1.12999999523163,1,1.37000000476837,1.3199999332428,1.20999991893768,1.03999996185303,1.38999998569489,1.39999997615814,1.30999994277954,1.11000001430511,1.48000001907349,1.5,1.39999997615814,1.18999993801117,1.50999999046326,1.48000001907349,1.4099999666214,1.25999999046326,1.51999998092651,1.50999999046326,1.46999990940094,1.37999999523163
1.14999997615814,1.07999992370605,0.899999976158142,0.569999992847443,1.05999994277954,0.969999969005585,0.769999980926514,0.509999990463257,0.919999957084656,0.740000009536743,0.620000004768372,0.419999986886978,0.769999980926514,0.610000014305115,0.529999971389771,0.409999996423721,0.719999969005585,0.560000002384186,0.550000011920929,0.469999998807907,0.769999980926514,0.599999964237213,0.610000014305115,0.569999992847443,0.849999964237213,0.689999997615814,0.669999957084656,0.659999966621399,0.979999959468842,0.759999990463257,0.689999997615814,0.629999995231628,1,0.839999973773956,0.669999957084656,0.569999992847443,1.17999994754791,1.00999999046326,0.740000009536743,0.560000002384186,1.26999998092651,1.05999994277954,0.779999971389771,0.539999961853027,1.58999991416931,1.24000000953674,0.919999957084656,0.569999992847443,1.82999992370605,1.3199999332428,0.879999995231628,0.669999957084656
2.03999996185303,1.75999999046326,1.25999999046326,0.819999992847443,1.66999995708466,1.22000002861023,1,0.550000011920929,1.1599999666214,0.919999957084656,0.589999973773956,0.399999976158142,0.810000002384186,0.509999990463257,0.469999998807907,0.329999983310699,0.610000014305115,0.479999989271164,0.489999979734421,0.379999995231628,0.699999988079071,0.509999990463257,0.519999980926514,0.359999984502792,0.799999952316284,0.560000002384186,0.509999990463257,0.319999992847443,0.85999995470047,0.519999980926514,0.340000003576279,0.209999993443489,0.949999988079071,0.569999992847443,0.239999994635582,0.0799999982118607,1.24000000953674,0.729999959468842,0.319999992847443,-0.00999999977648258,1.38999998569489,0.959999978542328,0.349999994039536,0.0299999993294477,1.63999998569489,1.10000002384186,0.680000007152557,0.170000001788139,1.9099999666214,1.32999992370605,0.870000004768372,0.399999976158142
2.1800000667572,1.77999997138977,1.25,0.740000009536743,1.77999997138977,1.33999991416931,0.889999985694885,0.439999997615814,1.37000000476837,0.979999959468842,0.610000014305115,0.269999980926514,1.02999997138977,0.709999978542328,0.469999998807907,0.219999998807907,0.769999980926514,0.579999983310699,0.469999998807907,0.229999989271164,0.959999978542328,0.769999980926514,0.569999992847443,0.25,1.00999999046326,0.759999990463257,0.519999980926514,0.209999993443489,1.12999999523163,0.769999980926514,0.429999977350235,0.159999996423721,1.25999999046326,0.85999995470047,0.419999986886978,0.0799999982118607,1.42999994754791,1.02999997138977,0.5,0.0999999940395355,1.55999994277954,1.12000000476837,0.639999985694885,0.179999992251396,1.59999990463257,1.17999994754791,0.789999961853027,0.349999994039536,1.8199999332428,1.37999999523163,0.969999969005585,0.610000014305115
